1.22452e+06
1.22013e+06
1.20469e+06
1.22382e+06
1.21277e+06
1.22058e+06
1.21574e+06
1.2362e+06
1.20878e+06
1.23632e+06
1.22182e+06
1.20082e+06
Average: 1.21885e+06
1.23282e+06
1.21592e+06
1.22559e+06
1.21978e+06
1.20901e+06
1.22415e+06
1.21988e+06
1.21892e+06
1.21947e+06
1.21693e+06
1.21482e+06
1.22385e+06
Average: 1.2201e+06
1.21658e+06
1.18588e+06
1.21684e+06
1.21737e+06
1.2217e+06
1.20934e+06
1.15093e+06
1.21907e+06
1.21642e+06
1.1549e+06
1.21373e+06
1.2236e+06
Average: 1.20386e+06
1.26159e+06
1.34492e+06
1.29828e+06
1.20825e+06
1.28633e+06
1.20109e+06
1.20512e+06
1.24283e+06
1.24756e+06
1.2757e+06
1.24229e+06
1.27305e+06
Average: 1.25725e+06
